






21 
21 
21 


16 



23 
23 
23 

21 22 
21 24 
24 


16 


16 
26 
26 
26 


21 22 24 
21 24 28 
21 24 
21 
16 17 
16 

16 
16 
31 



21 22 24 
21 24 
21 24 

16 17 
16 












21 
24 


16 17 28 
16 
16 
16 
26 
26 
26 


22 23 
23 
23 


14 





14 29 

21 22 24 28 
21 24 28 
24 28 
24 
16 
16 17 28 



26 
26 
26 

24 
24 28 
16 24 28 

16 
16 











26 29 
26 
26 
26 
21 22 26 
21 
21 
21 
21 
31 



21 24 28 
24 28 
28 
28 
16 28 
16 

16 

21 22 26 
21 26 
21 26 


20 26 
20 26 
26 
26 
14 
14 
14 






21 22 26 
21 26 
21 26 
21 
16 17 
16 



21 


16 
16 22 23 
23 
23 

11 23 
11 23 
11 23 
11 23 
11 23 
11 23 
11 
11 
11 15 16 17 
11 16 17 28 
11 


11 23 
11 23 
11 23 
11 
11 22 23 
11 23 
23 


17 21 22 
17 21 
17 21 
17 
11 12 
12 24 
12 
12 
12 
12 
12 
12 
12 
12 
12 
12 
12 
12 
12 
12 
12 21 
21 


12 
12 
12 
12 
12 
12 
12 
12 
12 
12 
12 
12 
12 
12 
12 
